%YAML:1.0
---
calibration_time: "Tue Feb  6 23:15:57 2018"
image_width: 1280
image_height: 720
flags: 0
camera_matrix: !!opencv-matrix
   rows: 3
   cols: 3
   dt: d
   data: [ 1.0321093365520594e+03, 0., 6.2244344949053720e+02, 0.,
       1.0316420022269003e+03, 3.6720757851317325e+02, 0., 0., 1. ]
distortion_coefficients: !!opencv-matrix
   rows: 1
   cols: 5
   dt: d
   data: [ 1.0081530751677206e-01, -2.0434898170839455e-01,
       2.2778901611547600e-03, -8.3010986983795816e-04,
       2.2180367583391922e-01 ]
avg_reprojection_error: 4.6140868535219992e-01
