%YAML:1.0
---
calibration_time: "Sun Dec 31 18:29:36 2017"
image_width: 1280
image_height: 720
flags: 0
camera_matrix: !!opencv-matrix
   rows: 3
   cols: 3
   dt: d
   data: [ 1.0225915718041567e+03, 0., 6.2252717003282635e+02, 0.,
       1.0233875779850781e+03, 3.7020894424565842e+02, 0., 0., 1. ]
distortion_coefficients: !!opencv-matrix
   rows: 1
   cols: 5
   dt: d
   data: [ 6.6069823782832784e-02, 1.2633373205472115e-01,
       1.3661372893313598e-03, -1.8813552657178944e-03,
       -9.2707833248590477e-01 ]
avg_reprojection_error: 4.8267131539029751e-01
